# Example LFA list
0008000000
0008000001
0008000001
0008000010
0008000022
00080000AB
00080000AB
0008000100
0008000101
0008000199
0008000000
0008000001
0008000001
0008000010
0008000022
00080000AB
00080000AB
0008000100
0008000101
0008000199
0008000000
0008000001
0008000001
0008000000
0008000001
0008000001
0008000010
0008000022
00080000AB
00080000AB
0008000100
0008000101
0008000199
0008000000
0008000001
0008000001
0008000010
0008000022
00080000AB
00080000AB
0008000100
0008000101
0008000199
0008000000
0008000001
0008000001
0008000000
0008000001
0008000001
0008000010
0008000022
00080000AB
00080000AB
0008000100
0008000101
0008000199
0008000000
0008000001
0008000001
0008000010
0008000022
00080000AB
00080000AB
0008000100
0008000101
0008000199
0008000000
0008000001
0008000001
0008000000
0008000001
0008000001
0008000010
0008000022
00080000AB
00080000AB
0008000100
0008000101
0008000199
0008000000
0008000001
0008000001
0008000010
0008000022
00080000AB
00080000AB
0008000100
0008000101
0008000199
0008000000
0008000001
0008000001
0008000000
0008000001
0008000001
0008000010
0008000022
00080000AB
00080000AB
0008000100
0008000101
0008000199
0008000000
0008000001
0008000001
0008000010
0008000022
00080000AB
00080000AB
0008000100
0008000101
0008000199
0008000000
0008000001
0008000001
0008000000
0008000001
0008000001
0008000010
0008000022
00080000AB
00080000AB
0008000100
0008000101
0008000199
0008000000
0008000001
0008000001
0008000010
0008000022
00080000AB
00080000AB
0008000100
0008000101
0008000199
0008000000
0008000001
0008000001
0008000000
0008000001
0008000001
0008000010
0008000022
00080000AB
00080000AB
0008000100
0008000101
0008000199
0008000000
0008000001
0008000001
0008000010
0008000022
00080000AB
00080000AB
0008000100
0008000101
0008000199
0008000000
0008000001
0008000001
0008000000
0008000001
0008000001
0008000010
0008000022
00080000AB
00080000AB
0008000100
0008000101
0008000199
0008000000
0008000001
0008000001
0008000010
0008000022
00080000AB
00080000AB
0008000100
0008000101
0008000199
0008000000
0008000001
0008000001
0008000000
0008000001
0008000001
0008000010
0008000022
00080000AB
00080000AB
0008000100
0008000101
0008000199
0008000000
0008000001
0008000001
0008000010
0008000022
00080000AB
00080000AB
0008000100
0008000101
0008000199
0008000000
0008000001
0008000001
0008000000
0008000001
0008000001
0008000010
0008000022
00080000AB
00080000AB
0008000100
0008000101
0008000199
0008000000
0008000001
0008000001
0008000010
0008000022
00080000AB
00080000AB
0008000100
0008000101
0008000199
0008000000
0008000001
0008000001
